#Environment  Ancestor	Mutation	Marked_genotype	fit	scaledfit
0	0	0	0	1.01097786729607	1.0197101467796
0	0	0	0	0.982498845561391	0.990985138673455
0	0	0	0	0.99312700957979	1.00170510301865
0	0	0	0	0.979142310350186	0.987599611528293
0	1	0	0	0.931214144818733	1.02127298810485
0	1	0	0	0.87999462619489	0.965099968047848
0	1	0	0	0.935611948201685	1.02609610835811
0	1	0	0	0.900447565229446	0.987530935489191
0	2	0	0	0.910585123834568	1.00517862013413
0	2	0	0	0.920393867017851	1.01600631617281
0	2	0	0	0.908157900573166	1.00249925181941
0	2	0	0	0.884438483518469	0.976315811873652
0	3	0	0	0.90509542340073	0.979317902760684
0	3	0	0	0.909594454928462	0.984185878010894
0	3	0	0	0.968396841616803	1.04781036281116
0	3	0	0	0.913753380083945	0.988685856417263
0	4	0	0	1.28237036264349	1.00600685975863
0	4	0	0	1.27201543207137	0.997883519192336
0	4	0	0	1.27286607412333	0.998550839464544
0	4	0	0	1.27160148471117	0.997558781584488
0	5	0	0	1.07878700242325	1.02495182023878
0	5	0	0	1.01214492241668	0.961635409256998
0	5	0	0	1.07275408372124	1.01921996493176
0	5	0	0	1.046412382881	0.994192805572462
0	0	1	0	0.929645219811144	0.937674991918448
0	0	1	0	0.891506778956183	0.899207131859185
0	0	1	0	0.91948623259492	0.927428256870633
0	0	1	0	0.900020322436902	0.907794210719336
0	0	2	0	0.894481977880165	0.902208028940727
0	0	2	0	0.900555233934447	0.9083337424928
0	0	2	0	0.872812357363402	0.880351237973674
0	0	2	0	0.804981143554639	0.811934134863231
0	0	3	0	0.991954518541492	1.00052248463754
0	0	3	0	0.988274659432909	0.996810840898223
0	0	3	0	0.985048286301663	0.993556600102598
0	0	3	0	0.993014031919866	1.00159114951887
0	0	4	0	0.919279115520282	0.927219350830835
0	0	4	0	0.900645186553791	0.908424472074171
0	0	4	0	0.902898474924988	0.910697223130408
0	0	4	0	0.88569036992992	0.893340483840704
0	0	5	0	0.798910728754294	0.805811287106307
0	0	5	0	0.79183318575361	0.7986726121209
0	0	5	0	0.792395916721576	0.79924020365431
0	0	5	0	0.79244335533533	0.799288052017127
0	0	6	0	0.984133545219439	0.992633957982138
0	0	6	0	0.96817817518961	0.976540774104083
0	0	6	0	0.958383440076725	0.966661437372073
0	0	6	0	0.950961472096984	0.959175362451109
0	0	7	0	0.871718048232039	0.879247476792484
0	0	7	0	0.849995686000467	0.857337488556244
0	0	7	0	0.868542929389402	0.876044932992264
0	0	7	0	0.850602286288614	0.857949328329272
0	1	1	0	0.893759595340167	0.980196163964099
0	1	1	0	0.902221649630731	0.989476593733035
0	1	1	0	0.869819707868934	0.953941021096398
0	1	1	0	0.863584550589272	0.947102854234635
0	1	2	0	0.920033939256238	1.00901153137552
0	1	2	0	0.92330655870065	1.01260064979422
0	1	2	0	0.909207806528894	0.997138390292348
0	1	2	0	0.936085473218039	1.02661542855002
0	1	3	0	0.926096313072331	1.01566020467652
0	1	3	0	0.937819426030261	1.02851707403041
0	1	3	0	0.871156030793578	0.955406581423115
0	1	3	0	0.933441447545979	1.02371569596568
0	1	4	0	0.895135379457533	0.981705001823089
0	1	4	0	0.934370305378976	1.02473438476021
0	1	4	0	0.964994195696963	1.05831994845301
0	1	4	0	0.907091678930737	0.99481760944145
0	1	5	0	0.82344422275819	0.903080506876996
0	1	5	0	0.83147215419364	0.911884829245809
0	1	5	0	0.829512513468453	0.909735669302139
0	1	5	0	0.798026928937737	0.875205075909819
0	1	6	0	0.861836128849572	0.945185340519336
0	1	6	0	0.883410391569145	0.968846076211947
0	1	6	0	0.899639799618928	0.986645049892057
0	1	6	0	0.861598887571291	0.944925155350844
0	1	7	0	0.882175456784203	0.967491709394229
0	1	7	0	0.868427744422686	0.952414439186112
0	1	7	0	0.866474631670215	0.950272438543274
0	1	7	0	0.841983367611288	0.923412594792947
0	2	1	0	0.894352918103977	0.987260178759533
0	2	1	0	0.910338206579368	1.00490605259555
0	2	1	0	0.896086886631933	0.989174275582186
0	2	1	0	0.920154091910233	1.01574163272311
0	2	2	0	0.958004279408336	1.05752377724239
0	2	2	0	0.967335124817306	1.06782393048163
0	2	2	0	0.956046039173596	1.05536211089673
0	2	2	0	0.940181476022257	1.03784950358514
0	2	3	0	0.950689801691873	1.04944945620904
0	2	3	0	0.938464474129914	1.03595413592786
0	2	3	0	0.950686113220833	1.04944538457187
0	2	3	0	0.894805052608482	0.987759281946547
0	2	4	0	0.902658116793236	0.996428138942381
0	2	4	0	0.880324946751399	0.971774952262436
0	2	4	0	0.878076672080984	0.969293122094408
0	2	4	0	0.876550928740178	0.96760888132894
0	2	5	0	0.871694483292354	0.962247938121958
0	2	5	0	0.861800764085058	0.951326438571312
0	2	5	0	0.860386376679518	0.949765121629685
0	2	5	0	0.856218985445947	0.945164813036811
0	2	6	0	0.959453555226036	1.05912360687775
0	2	6	0	0.955145585847755	1.05436811658706
0	2	6	0	0.918194090257809	1.01357802198
0	2	6	0	0.948132154527981	1.04662611528275
0	2	7	0	0.868094004947374	0.958273434519934
0	2	7	0	0.87657388365102	0.967634220844161
0	2	7	0	0.856252900481159	0.945202251237154
0	2	7	0	0.861734102612749	0.951252852165167
0	3	1	0	0.916534196267478	0.99169471382877
0	3	1	0	0.918931060944952	0.994288133736171
0	3	1	0	0.902605255062996	0.976623527813049
0	3	1	0	0.927965483297807	1.00406342518335
0	3	2	0	0.865346134280455	0.936308967513577
0	3	2	0	0.895015418865367	0.968411286014906
0	3	2	0	0.875940597438717	0.947772231135042
0	3	2	0	0.893019936870125	0.966252164233874
0	3	3	0	0.885427138644714	0.958036717506438
0	3	3	0	0.901162341776732	0.97506228821683
0	3	3	0	0.883182560695396	0.955608072622068
0	3	3	0	0.870638774015092	0.942035630924952
0	3	4	0	1.02372374387255	1.10767435558196
0	3	4	0	0.842921351701649	0.912045237439209
0	3	4	0	0.850524424508198	0.920271801316275
0	3	4	0	0.872716637982371	0.944283890423395
0	3	5	0	0.90368584165988	0.977792728068018
0	3	5	0	0.826037338330271	0.893776648141835
0	3	5	0	0.834245940292071	0.902658397678942
0	3	5	0	0.797107697617581	0.862474628114021
0	3	6	0	0.981282969618962	1.06175321957908
0	3	6	0	0.934164497772652	1.01077079072485
0	3	6	0	0.875612571972957	0.947417305894151
0	3	6	0	0.905022878605175	0.979239408918817
0	3	7	0	0.849133788666766	0.918767126184212
0	3	7	0	0.908710536045234	0.983229473233505
0	3	7	0	0.854905933199797	0.925012616253403
0	3	7	0	0.890380554431712	0.963396338861939
0	4	1	0	1.26905815245219	0.99556356259494
0	4	1	0	1.29853533629684	1.01868812162869
0	4	1	0	1.24874645706559	0.979629238559156
0	4	1	0	1.27383058113307	0.999307485669376
0	4	3	0	1.25825064453916	0.987085179583194
0	4	3	0	1.2723729333608	0.998163975416229
0	4	3	0	1.23919397621669	0.972135411860061
0	4	3	0	1.25603256972104	0.985345121837406
0	4	4	0	1.18257341044696	0.92771713830425
0	4	4	0	1.14437462282134	0.897750567409223
0	4	4	0	1.1699409438534	0.917807093266562
0	4	4	0	1.15469349236968	0.905845618459207
0	4	5	0	1.28550336916042	1.0084646723684
0	4	5	0	1.29432318871135	1.01538373352931
0	4	5	0	1.28299539616518	1.00649719237136
0	4	5	0	1.31239424625802	1.02956029935197
0	5	4	0	1.01260838987681	0.962075748096653
0	5	4	0	0.942992000696384	0.895933456199689
0	5	4	0	1.01926874976586	0.968403733117229
0	5	4	0	0.979698969169372	0.930808620682878
0	5	5	0	0.918312910793538	0.872485937773031
0	5	5	0	0.949245348368457	0.901874740312939
0	5	5	0	0.909364398024864	0.86398398657221
0	5	5	0	0.925429896560154	0.879247761469202
0	5	6	0	1.04254331185862	0.990516814502757
0	5	6	0	1.02606361378003	0.974859510044421
0	5	6	0	1.01094434629879	0.960494746017079
0	5	6	0	1.04097879599561	0.989030373362863
0	5	7	0	0.994070053114945	0.944462538106551
0	5	7	0	1.01404306251768	0.96343882563782
0	5	7	0	1.0218585423477	0.970864286140982
0	5	7	0	1.00323448333712	0.95316963173724
0	6	0	1	1.00967091468913	1.01835666642168
0	6	0	1	0.995671064512894	1.0042363817344
0	6	0	1	0.987510691770449	0.996005808919184
0	6	0	1	0.973030591664506	0.981401142924739
0	6	1	1	0.997351007868425	1.00593077689863
0	6	1	1	0.980690644302708	0.989127091603429
0	6	1	1	1.01272471137755	1.02143673357059
0	6	1	1	0.953932031928597	0.962138286737479
0	6	2	1	0.8850249518595	0.892638429574987
0	6	2	1	0.886493600720697	0.894119712571926
0	6	2	1	0.899731400396721	0.907471391176023
0	6	2	1	0.889906306348974	0.89756177619536
0	6	3	1	0.971070730113726	0.979424421552989
0	6	3	1	1.00922547115359	1.01790739093267
0	6	3	1	0.969965772267956	0.978309958244218
0	6	3	1	0.984428902421015	0.992897508300789
0	6	4	1	0.825464960415885	0.832566069901937
0	6	4	1	0.848970959239981	0.856274280423965
0	6	4	1	0.830147764722633	0.837289158300292
0	6	4	1	0.832670914310911	0.839834013427067
0	6	6	1	0.999261832869973	1.00785803988143
0	6	6	1	0.988897171523891	0.997404215943923
0	6	6	1	0.999155882167166	1.00775117773165
0	6	6	1	0.986354547201526	0.994839718550549
0	6	7	1	0.907616190776147	0.915424010915196
0	6	7	1	0.905709403320739	0.913500820211756
0	6	7	1	0.926005718164454	0.933971735263572
0	6	7	1	0.925772901154005	0.933736915431488
0	7	0	2	0.992324912207766	1.00345839998152
0	7	0	2	0.988637304459491	0.999729418752368
0	7	0	2	0.978851280991308	0.989833600023282
0	7	0	2	0.995806036648149	1.00697858124283
0	7	1	2	0.984416836457237	0.995461598790766
0	7	1	2	0.983986947088413	0.995026886235531
0	7	1	2	0.976750644321477	0.987709395051987
0	7	1	2	0.991215819415128	1.00233686361229
0	7	2	2	0.889320531176886	0.899298351081436
0	7	2	2	0.901034429245239	0.91114367439098
0	7	2	2	0.905969654028532	0.916134270418217
0	7	2	2	0.9072165937315	0.917395200284857
0	7	3	2	0.919568470755611	0.92988566041833
0	7	3	2	0.919755190594844	0.930074475179318
0	7	3	2	0.919831855363986	0.930152000096441
0	7	3	2	0.926421040068309	0.936815112812086
0	7	4	2	0.980135150099897	0.991131873628672
0	7	4	2	0.970563997398898	0.981453336430653
0	7	4	2	0.973967098121575	0.984894618579416
0	7	4	2	0.951838473922096	0.96251772008596
0	7	6	2	0.988272103389768	0.999360120273022
0	7	6	2	0.980290728858724	0.991289197918814
0	7	6	2	0.971330614757725	0.982228554928973
0	7	6	2	0.983344829066828	0.994377563907116
0	7	7	2	0.938556330633796	0.949086556473681
0	7	7	2	0.898731747911039	0.908815157895165
0	7	7	2	0.899916180144837	0.910012878983885
0	7	7	2	0.910248839297217	0.920461466430444
0	8	0	3	1.00591577722219	0.989619837556175
0	8	0	3	1.01578262675934	0.999326843109969
0	8	0	3	1.02050747378015	1.0039751471202
0	8	0	3	1.02366159597958	1.00707817221366
0	8	1	3	1.01942826950383	1.00291342606481
0	8	1	3	1.03854908898359	1.0217244862907
0	8	1	3	1.0092239097908	0.992874378034904
0	8	1	3	1.0233515615621	1.00677316038582
0	8	2	3	0.836976055535144	0.823416956839461
0	8	2	3	0.876163077357075	0.861969144853472
0	8	2	3	0.84298204776884	0.829325651377574
0	8	2	3	0.906502234966759	0.8918168049709
0	8	3	3	0.988872902040524	0.972853058715758
0	8	3	3	1.00121384357521	0.984994075720752
0	8	3	3	0.994599908393879	0.978487286973655
0	8	3	3	0.992571153927284	0.97649139853932
0	8	4	3	0.834249913127834	0.820734978221204
0	8	4	3	0.83816244511887	0.824584126789183
0	8	4	3	0.839124190275121	0.825530291574398
0	8	4	3	0.869146806428804	0.855066538240163
0	8	5	3	0.868277606096411	0.854211419043085
0	8	5	3	0.873545047707103	0.859393527554698
0	8	5	3	0.882301565546311	0.868008188898936
0	8	5	3	0.872011575504854	0.857884897760783
0	8	6	3	0.984884125399704	0.96892890066921
0	8	6	3	0.992001428931705	0.975930903147615
0	8	6	3	0.972616601716466	0.956860112138874
0	8	6	3	0.994825460417719	0.978709185031373
0	8	7	3	0.758152100555696	0.745869958086039
0	8	7	3	0.763088632399377	0.750726517603104
0	8	7	3	0.77012194286483	0.75764588771133
0	8	7	3	0.75794403684587	0.745665265029839
0	9	0	4	1.00880034630936	0.999938830406447
0	9	0	4	0.999136161949323	0.990359538288674
0	9	0	4	1.01818479648239	1.00924084558156
0	9	0	4	1.00932692722452	1.00046078572332
0	9	1	4	0.986377970066655	0.977713417065651
0	9	1	4	0.985737313306706	0.977078387970371
0	9	1	4	0.981498020626169	0.972876334134609
0	9	1	4	0.983243726164369	0.974606705025626
0	9	3	4	0.970908051962627	0.962379389998732
0	9	3	4	0.976272394795889	0.967696611308394
0	9	3	4	0.979670337642438	0.971064705905305
0	9	3	4	0.967147070768177	0.958651446059658
0	9	4	4	0.995873944802622	0.987125977148318
0	9	4	4	0.968060526084676	0.95955687739119
0	9	4	4	0.974459807305718	0.965899945970638
0	9	4	4	0.973203565776673	0.964654739533252
0	9	5	4	0.902242499239596	0.894317010033981
0	9	5	4	0.907524740901991	0.89955285136685
0	9	5	4	0.905953533539091	0.897995445822203
0	9	5	4	0.914648501831555	0.906614035671617
0	10	0	5	0.955377145423621	0.967115161124674
0	10	0	5	1.01504777501154	1.02751891981281
0	10	0	5	0.98660049834152	0.998722132395331
0	10	0	5	0.994426006357002	1.00664378666718
0	10	4	5	0.802739256663631	0.812601922987297
0	10	4	5	0.811725713340277	0.8216987896419
0	10	4	5	0.831914909504226	0.842136035597179
0	10	4	5	0.829082742553883	0.839269071896369
0	10	5	5	0.777307675063299	0.786857882264871
0	10	5	5	0.785604454316059	0.795256597936776
0	10	5	5	0.781723767825766	0.791328232308278
0	10	5	5	0.786061497523798	0.795719256497963
0	10	6	5	0.955188108695436	0.966923801841366
0	10	6	5	0.935924251873062	0.947423264190979
0	10	6	5	1.01241545500255	1.02485425842561
0	10	6	5	0.960929061065594	0.972735289067191
0	10	7	5	0.845004058769086	0.8553860016037
0	10	7	5	0.809074755992774	0.819015261932926
0	10	7	5	0.86998653904423	0.880675423223554
0	10	7	5	0.838734600860338	0.849039515480783
0	11	0	6	0.992198928803346	0.993227704277752
0	11	0	6	1.00138407350443	1.00242237272586
0	11	0	6	0.996842522376768	0.997876112626763
0	11	0	6	1.00543131470898	1.00647381036962
0	11	4	6	0.812864734225255	0.813707564506869
0	11	4	6	0.794393727750385	0.795217406108028
0	11	4	6	0.803781102437842	0.804614514227529
0	11	4	6	0.792172661091109	0.792994036504413
0	11	5	6	0.857831154529733	0.858720608879403
0	11	5	6	0.887530500809753	0.888450749346124
0	11	5	6	0.872365641848579	0.873270166486729
0	11	5	6	0.886269461026648	0.887188402036108
0	11	6	6	0.96636500485048	0.967366994055925
0	11	6	6	0.976524079616493	0.977536602402108
0	11	6	6	0.970851445660824	0.971858086695795
0	11	6	6	0.969333875014144	0.970338942534554
0	11	7	6	0.833641838710281	0.834506212026163
0	11	7	6	0.864848118906904	0.865744848895205
0	11	7	6	0.84417187453367	0.845047166065935
0	11	7	6	0.87182618002895	0.872730145318492
1	0	0	0	1.03838385090142	1.01061690728322
1	0	0	0	1.01592570999496	0.98875930916426
1	0	0	0	1.02827474530501	1.00077812461689
1	0	0	0	1.02731665990395	0.999845658935636
1	0	1	0	0.984905298250377	0.958568399942446
1	0	1	0	0.947628805401217	0.92228870059535
1	0	1	0	0.998044377896406	0.971356133519861
1	0	1	0	1.0025560202099	0.975747132087176
1	0	2	0	0.984028169207572	0.957714725802812
1	0	2	0	0.94692012183189	0.921598967606481
1	0	2	0	0.977110218619962	0.950981764941066
1	0	2	0	0.986085402690993	0.95971694775452
1	0	3	0	1.01968667289399	0.992419701889094
1	0	3	0	1.02515189630892	0.997738782285436
1	0	3	0	1.01750983386567	0.990301072709196
1	0	3	0	1.02626432670285	0.998821465691294
1	0	4	0	1.05891645962146	1.03060046298383
1	0	4	0	1.15115348452807	1.12037102015033
1	0	4	0	1.14776960911493	1.11707763138886
1	0	4	0	1.15622354208737	1.12530550163893
1	0	5	0	0.885317775492518	0.861643901197425
1	0	5	0	0.886207487168694	0.862509821504035
1	0	5	0	0.893417974062394	0.869527496093437
1	0	5	0	0.905368354016491	0.881158316449113
1	0	6	0	0.94909464034512	0.923715338323112
1	0	6	0	0.937951707290436	0.912870373301735
1	0	6	0	1.02106366757241	0.993759874987936
1	0	6	0	1.01939451259232	0.992135354111296
1	0	7	0	0.891422679364983	0.867585556651231
1	0	7	0	0.867907582873879	0.844699266509415
1	0	7	0	0.903865020528085	0.879695182908131
1	0	7	0	0.874615334330689	0.851227649078367
1	1	0	0	1.13099517305607	1.00791814278285
1	1	0	0	1.11288989438161	0.991783114720068
1	1	0	0	1.11938379826432	0.997570339720494
1	1	0	0	1.12517171314663	1.00272840277659
1	1	1	0	1.09910862058272	0.979501545157728
1	1	1	0	1.11395589765688	0.992733113506099
1	1	1	0	1.10179860475131	0.981898800169873
1	1	1	0	1.10727575538174	0.986779916926762
1	1	2	0	1.06060271930431	0.945185928763147
1	1	2	0	1.05873144125111	0.943518286721037
1	1	2	0	1.04018211324573	0.926987531613981
1	1	2	0	1.0500726057158	0.935801722018264
1	1	3	0	1.11160739299119	0.990640177552569
1	1	3	0	1.10613327123953	0.985761760066142
1	1	3	0	1.10019035712807	0.980465565089682
1	1	3	0	1.13046076175228	1.00744188712621
1	1	4	0	1.18986377299866	1.06038055052419
1	1	4	0	1.17654607552991	1.04851211004042
1	1	4	0	1.21689134888656	1.08446693457059
1	1	4	0	1.18189090129365	1.05327530177247
1	1	5	0	1.04793643102312	0.933898009889159
1	1	5	0	1.06834734890805	0.952087773150025
1	1	5	0	1.03069642459483	0.918534093512917
1	1	5	0	1.03520746188914	0.922554231211135
1	1	6	0	1.12422652039758	1.0018860676872
1	1	6	0	1.11363512615311	0.992447248963049
1	1	6	0	1.16717747790515	1.04016302089894
1	1	6	0	1.16184964527715	1.03541497307752
1	1	7	0	1.0250104947961	0.913466917331038
1	1	7	0	1.01441888275689	0.904027904512981
1	1	7	0	1.01513675255105	0.904667654360661
1	1	7	0	1.02277903462927	0.911478288872998
1	3	0	0	1.20325459225509	0.984616383564623
1	3	0	0	1.21861569248343	0.99718628444159
1	3	0	0	1.21508098893822	0.994293856651113
1	3	0	0	1.25126554798096	1.02390347534267
1	3	1	0	1.2105935861811	0.990621840518573
1	3	1	0	1.19895073207619	0.981094559279062
1	3	1	0	1.19750717897997	0.979913307997553
1	3	1	0	1.20499102677853	0.98603729805086
1	3	2	0	1.12068781705566	0.917052461413208
1	3	2	0	1.09834645223714	0.898770649755808
1	3	2	0	1.09177580189372	0.893393923981854
1	3	2	0	1.09765555150603	0.89820528962035
1	3	3	0	1.18540980444265	0.970014095275464
1	3	3	0	1.20589899532311	0.986780283542467
1	3	3	0	1.19624069142657	0.978876948441824
1	3	3	0	1.18825256912154	0.972340313430351
1	3	4	0	1.21409332338129	0.993485655547959
1	3	4	0	1.22315124832348	1.00089770396779
1	3	4	0	1.22192312304734	0.999892736045174
1	3	4	0	1.22127748672346	0.999364415516494
1	3	5	0	1.09147971830515	0.893151640466722
1	3	5	0	1.07019858071516	0.875737406715304
1	3	5	0	1.07791786765617	0.882054055278689
1	3	5	0	1.10311534361484	0.902673006424252
1	3	6	0	1.18134557519051	0.966688359613222
1	3	6	0	1.16940147672175	0.956914571825544
1	3	6	0	1.16470809751599	0.95307400633756
1	3	6	0	1.17544804300533	0.961862442596571
1	3	7	0	1.14222251057277	0.934674178536473
1	3	7	0	1.12123377325766	0.917499214265561
1	3	7	0	1.14053285634725	0.933291544101737
1	3	7	0	1.14725854385898	0.938795135908002
1	4	0	0	1.59639387696869	1.00256208699125
1	4	0	0	1.61546360645797	1.01453819644078
1	4	0	0	1.56851067859954	0.985050971500097
1	4	0	0	1.5888887555561	0.997848745067878
1	4	1	0	1.59083250348167	0.999069451313974
1	4	1	0	1.59727317490516	1.00311430081955
1	4	1	0	1.59262195542888	1.00019325710191
1	4	1	0	1.57199970800084	0.987242140389309
1	4	3	0	1.56839426263144	0.984977860322699
1	4	3	0	1.57477152759436	0.988982889509268
1	4	3	0	1.567892395594	0.984662679419222
1	4	3	0	1.54843104455777	0.972440625080351
1	4	4	0	1.53859803778061	0.966265332166657
1	4	4	0	1.51745754749417	0.952988750260795
1	4	4	0	1.52073066384958	0.955044322141637
1	4	4	0	1.49501532307187	0.938894657519553
1	4	5	0	1.58345159944086	0.99443411998015
1	4	5	0	1.53662807763829	0.965028164209508
1	4	5	0	1.58757746295518	0.997025231356381
1	4	5	0	1.57128875137662	0.986795647724045
1	5	0	0	1.30546748911737	1.01096424219199
1	5	0	0	1.27313244924322	0.985923734209126
1	5	0	0	1.29949993645376	1.00634292269794
1	5	0	0	1.28713717169811	0.996769100900938
1	5	4	0	1.32059444583	1.02267867587735
1	5	4	0	1.3115922187374	1.01570728075141
1	5	4	0	1.32557294845646	1.02653406728079
1	5	4	0	1.33256108291411	1.0319457333048
1	5	5	0	1.22002968119162	0.944800534965091
1	5	5	0	1.22960113882421	0.952212746676887
1	5	5	0	1.22390536813486	0.947801897271092
1	5	5	0	1.24159981709184	0.961504617047662
1	5	6	0	1.25563313045324	0.972372124761272
1	5	6	0	1.26811434274896	0.982037673260462
1	5	6	0	1.25696431065238	0.973403001127373
1	5	6	0	1.26450284914593	0.979240904345109
1	5	7	0	1.23946080166784	0.959848146760054
1	5	7	0	1.24940984933753	0.967552767152187
1	5	7	0	1.26066548956258	0.976269223046616
1	5	7	0	1.28251473590147	0.993189450437646
1	6	0	1	1.01402415811442	1.01035079910262
1	6	0	1	0.997422973234401	0.993809752939803
1	6	0	1	1.00808850779599	1.00443665100818
1	6	0	1	0.995007266210704	0.991402796949397
1	6	1	1	1.006842409067	1.00319506634127
1	6	1	1	1.00545874244299	1.0018164121267
1	6	1	1	1.00659732416249	1.00295086927048
1	6	1	1	0.958253057904708	0.954781732810847
1	6	2	1	0.897828296560606	0.894575863531439
1	6	2	1	0.884536037316364	0.881331756236923
1	6	2	1	0.893340602397314	0.890104426290298
1	6	2	1	0.88696970844417	0.88375661125547
1	6	3	1	0.994619847703046	0.991016781886869
1	6	3	1	0.99931322829123	0.995693160442368
1	6	3	1	1.00124078752017	0.997613736980602
1	6	3	1	0.983200221598631	0.979638524014292
1	6	4	1	0.901770777957055	0.898504063069364
1	6	4	1	0.907058016752408	0.903772148547588
1	6	4	1	0.904192400156804	0.900916912807767
1	6	4	1	0.890906003037675	0.887678646402489
1	6	6	1	0.95840221311173	0.954930347694821
1	6	6	1	0.950196846353843	0.946754705335198
1	6	6	1	0.946814986723106	0.943385096679403
1	6	6	1	0.924797331125107	0.921447201265579
1	6	7	1	0.856086088373365	0.852984868819134
1	6	7	1	0.854683308828645	0.851587170921474
1	6	7	1	0.866362267571937	0.863223821985995
1	6	7	1	0.840464090867568	0.837419462869723
1	7	0	2	1.03220367503485	1.01295559142711
1	7	0	2	1.0132426394762	0.994348132983669
1	7	0	2	1.01328334611781	0.994388080545594
1	7	0	2	1.01727795025018	0.998308195043622
1	7	1	2	1.01629672881173	0.997345270994284
1	7	1	2	1.02492545723682	1.00581309465787
1	7	1	2	1.03515351058619	1.0158504197326
1	7	1	2	1.04376002462878	1.0242964432578
1	7	2	2	0.915750738174798	0.898674218105599
1	7	2	2	0.90918225535224	0.892228221483781
1	7	2	2	0.948985227020607	0.931288964709216
1	7	2	2	0.9167031496279	0.899608869405621
1	7	3	2	1.00869419087867	0.989884501870332
1	7	3	2	1.00536685069862	0.98661920847768
1	7	3	2	0.988124195199987	0.969698086492911
1	7	3	2	1.00124709532415	0.98257627650329
1	7	4	2	0.932871443106558	0.915475663604439
1	7	4	2	0.910880984598829	0.893895273568821
1	7	4	2	0.938087678003564	0.920594628429807
1	7	4	2	0.928780493026843	0.91146099977624
1	7	6	2	1.01990481385454	1.00088607404203
1	7	6	2	1.01343802866104	0.994539878636272
1	7	6	2	1.00039537209361	0.981740435835803
1	7	6	2	0.998450336026036	0.97983166995187
1	7	7	2	0.897544693795631	0.880807672095651
1	7	7	2	0.892103953844084	0.875468388688009
1	7	7	2	0.886928285860834	0.870389234302295
1	7	7	2	0.896874005090107	0.880149490100373
1	8	0	3	0.956969594371971	0.983790948870005
1	8	0	3	0.992270769264794	1.02008152335459
1	8	0	3	0.963208292909129	0.990204501808029
1	8	0	3	0.97849827876047	1.00592302596738
1	8	1	3	0.6790656332674	0.698098066674283
1	8	1	3	0.667766210143826	0.686481950277482
1	8	1	3	0.653702050533181	0.672023609061849
1	8	1	3	0.676713966143514	0.695680488472384
1	8	2	3	0.582315947952155	0.598636740756584
1	8	2	3	0.589143932652926	0.605656096007938
1	8	2	3	0.59145779383036	0.608034808661599
1	8	2	3	0.697955734386305	0.717517607914999
1	8	3	3	0.982001587674092	1.00952452346593
1	8	3	3	0.649405344365403	0.667606477459473
1	8	3	3	0.848649327809608	0.87243474857905
1	8	3	3	0.671999322921755	0.690833706133639
1	8	4	3	0.732688254471589	0.753223589685269
1	8	4	3	0.724003509833716	0.744295434372671
1	8	4	3	0.745499620069754	0.766394024349299
1	8	4	3	0.707230166284209	0.727051977879028
1	8	5	3	1.03294925380398	1.061900119409
1	8	5	3	1.05772533467586	1.08737060901868
1	8	5	3	1.04749407198691	1.0768525907994
1	8	5	3	1.03779951516729	1.06688632091106
1	8	6	3	0.954066920622042	0.980806920767652
1	8	6	3	0.979184936652011	1.00662892908347
1	8	6	3	0.950559071829245	0.977200756148992
1	8	6	3	0.960212703187382	0.987124953542218
1	8	7	3	0.789112354675543	0.811229109824301
1	8	7	3	0.798709902515989	0.821095651825537
1	8	7	3	0.779763973327053	0.801618717800022
1	8	7	3	0.771910159335409	0.793544781946126
1	9	0	4	0.995599526234292	0.994092515805376
1	9	0	4	1.02794489173954	1.02638892105918
1	9	0	4	0.98273184639602	0.98124431340477
1	9	0	4	0.999787599525934	0.998274249730675
1	9	1	4	1.00378038999499	1.00226099642739
1	9	1	4	1.01140285752722	1.00987192604929
1	9	1	4	0.996673546382181	0.995164910239792
1	9	1	4	0.998482798757063	0.99697142400128
1	9	3	4	1.00159919364368	1.0000831016904
1	9	3	4	1.01373844734916	1.01220398055594
1	9	3	4	1.00717400776459	1.00564947737517
1	9	3	4	1.01827209808611	1.01673076883589
1	9	4	4	0.9822550639945	0.980768252695087
1	9	4	4	0.978352805209834	0.976871900647548
1	9	4	4	0.969070106875744	0.967603253267511
1	9	4	4	0.986516258150455	0.985022996803746
1	9	5	4	0.9015692604251	0.900204580910848
1	9	5	4	0.896860857205693	0.895503304666262
1	9	5	4	0.87197117624111	0.870651298497416
1	9	5	4	0.872979139568898	0.871657736100043
1	10	0	5	0.959941483464506	0.994872925584101
1	10	0	5	0.967767370696901	1.00298359009886
1	10	0	5	0.969407175748163	1.00468306624073
1	10	0	5	0.96243812531448	0.997460418076305
1	10	4	5	0.871154045815138	0.902854589705392
1	10	4	5	0.862251970674178	0.893628575732861
1	10	4	5	0.858114394974334	0.889340437224174
1	10	4	5	0.863049527799711	0.894455155273872
1	10	5	5	0.829953027821212	0.860154302224613
1	10	5	5	0.823373563850163	0.853335417237969
1	10	5	5	0.775586627214061	0.803809555219507
1	10	5	5	0.850587298088535	0.881539435778854
1	10	6	5	0.983359142904695	1.01914273344104
1	10	6	5	0.957420613964691	0.992260323818788
1	10	6	5	0.990825231665089	1.02688050672793
1	10	6	5	0.982276666467993	1.01802086662103
1	10	7	5	0.912703154087354	0.945915634169275
1	10	7	5	0.889688491240126	0.922063487603509
1	10	7	5	0.89501089655319	0.927579570652491
1	10	7	5	0.892898276556074	0.925390074236946
1	11	0	6	1.00591904374738	0.993270210569872
1	11	0	6	0.984479408335179	0.972100165810519
1	11	0	6	1.06473081041565	1.05134245428141
1	11	0	6	0.99580887313862	0.983287169338194
1	11	4	6	0.985192423952325	0.972804215680719
1	11	4	6	0.975595103487212	0.963327575807418
1	11	4	6	1.04310243567607	1.02998604347937
1	11	4	6	0.983082079133207	0.970720407191468
1	11	5	6	0.915565269706457	0.904052581452247
1	11	5	6	0.902058239870041	0.890715394475638
1	11	5	6	0.96716328438536	0.955001781811528
1	11	5	6	0.922132336287616	0.910537071080353
1	11	6	6	0.976111764285632	0.963837739903853
1	11	6	6	0.945427971614906	0.933539777660692
1	11	6	6	1.0481874419496	1.03500710882598
1	11	6	6	0.950243513430057	0.938294766904085
1	11	7	6	0.864568042834677	0.853696614351048
1	11	7	6	0.853669122371242	0.842934741324595
1	11	7	6	0.911218312412104	0.899760284558239
1	11	7	6	0.858864254257157	0.848064547519572
1	2	0	0	1.04099367665944	0.991317724907166
1	2	0	0	1.0447208296537	0.994867019114703
1	2	0	0	1.0687141180598	1.01771535394043
1	2	0	0	1.04601549360922	0.996099902037704
1	2	1	0	1.02181478167653	0.973054041882978
1	2	1	0	1.02795699043113	0.978903146008234
1	2	1	0	1.004687835496	0.956744389189626
1	2	1	0	1.04539286281092	0.995506983021703
1	2	2	0	0.933005702659461	0.888482909381178
1	2	2	0	0.912688327260154	0.869135073934609
1	2	2	0	0.91732734730656	0.873552721132005
1	2	2	0	0.878376226160293	0.836460337515219
1	2	3	0	1.07250522508743	1.02132555031124
1	2	3	0	1.03063149045984	0.981450019580255
1	2	3	0	1.10858450321784	1.05568313452568
1	2	3	0	1.08183476766886	1.03020988950907
1	2	4	0	0.828025916027292	0.788512731291914
1	2	4	0	0.804029465469795	0.765661385211848
1	2	4	0	0.859147020876444	0.818148744984773
1	2	4	0	0.858356210821167	0.817395672182884
1	2	5	0	1.03031349976421	0.981147203319214
1	2	5	0	0.979316919961841	0.932584167249717
1	2	5	0	1.05939015894417	1.00883633176683
1	2	5	0	1.06287942428789	1.01215909026161
1	2	6	0	0.938904523062002	0.894100239584227
1	2	6	0	0.958015169834949	0.91229893118556
1	2	6	0	0.968063338171317	0.921867603501281
1	2	6	0	0.973856874795983	0.927384674041383
1	2	7	0	0.814359058139636	0.775498052363895
1	2	7	0	0.808440561307203	0.76986198468515
1	2	7	0	0.835201414227535	0.795345816554993
1	2	7	0	0.816743446712559	0.77776865852453
2	1	0	0	1.158608283	0.88796459
2	1	0	0	1.366931613	1.047624885
2	1	0	0	1.316226813	1.008764411
2	1	0	0	1.377397639	1.055646113
2	1	1	0	1.130080237	0.866100519
2	1	1	0	1.291248256	0.98962069
2	1	1	0	1.241712024	0.951655814
2	1	1	0	1.271627288	0.974583058
2	1	2	0	1.141939465	0.875189505
2	1	2	0	1.347150125	1.03246423
2	1	2	0	1.32209486	1.013261719
2	1	2	0	1.270239174	0.973519199
2	1	3	0	1.109478558	0.850311264
2	1	3	0	1.333258334	1.021817475
2	1	3	0	1.253254167	0.960501784
2	1	3	0	1.280191364	0.981146619
2	1	4	0	1.055521143	0.808957965
2	1	4	0	1.447359612	1.109265404
2	1	4	0	1.426879857	1.093569592
2	1	4	0	1.32857719	1.018229817
2	1	5	0	0.878755922	0.673484001
2	1	5	0	1.167774812	0.894989875
2	1	5	0	1.103547424	0.845765606
2	1	5	0	1.088133421	0.833952218
2	1	6	0	1.105299598	0.847108483
2	1	6	0	1.335686297	1.023678281
2	1	6	0	1.319425546	1.01121594
2	1	6	0	1.29454562	0.99214781
2	1	7	0	0.734342601	0.562804734
2	1	7	0	1.046494585	0.802039955
2	1	7	0	1.105365568	0.847159043
2	1	7	0	1.030099119	0.789474368
2	2	0	0	1.111580144	0.83870998
2	2	0	0	1.440912637	1.08719809
2	2	0	0	1.335243984	1.007468927
2	2	0	0	1.413643546	1.066623002
2	2	1	0	1.140689857	0.860673855
2	2	1	0	1.450309232	1.094288013
2	2	1	0	1.414190989	1.067036059
2	2	1	0	1.439794342	1.086354313
2	2	2	0	1.193988738	0.900888952
2	2	2	0	1.50697964	1.137046997
2	2	2	0	1.450390458	1.0943493
2	2	2	0	1.453002837	1.096320393
2	2	3	0	1.12769226	0.850866902
2	2	3	0	1.453031152	1.096341758
2	2	3	0	1.444431628	1.089853241
2	2	3	0	1.410804782	1.064481097
2	2	4	0	1.051311984	0.793236419
2	2	4	0	1.507972698	1.137796279
2	2	4	0	1.44963465	1.093779027
2	2	4	0	1.429561765	1.078633625
2	2	5	0	1.068527298	0.806225726
2	2	5	0	1.295857237	0.97775082
2	2	5	0	1.276198582	0.962917963
2	2	5	0	1.233080809	0.93038472
2	2	6	0	1.080231031	0.815056433
2	2	6	0	1.442333358	1.088270053
2	2	6	0	1.427439957	1.077032677
2	2	6	0	1.404392905	1.059643204
2	2	7	0	0.830609417	0.626711813
2	2	7	0	1.037755536	0.783007802
2	2	7	0	1.028759153	0.776219847
2	2	7	0	1.018202988	0.768255004
2	3	0	0	1.582644851	0.923832189
2	3	0	0	1.770806136	1.033666971
2	3	0	0	1.756734316	1.025452873
2	3	0	0	1.742335618	1.017047967
2	3	1	0	1.534928456	0.895978851
2	3	1	0	1.729390874	1.009491773
2	3	1	0	1.737388112	1.014159975
2	3	1	0	1.737100406	1.013992034
2	3	2	0	1.546425053	0.902689723
2	3	2	0	1.745866638	1.019109118
2	3	2	0	1.734906292	1.01271127
2	3	2	0	1.70644347	0.996096759
2	3	3	0	1.53099302	0.893681632
2	3	3	0	1.787362675	1.043331466
2	3	3	0	1.727677764	1.008491785
2	3	3	0	1.706859527	0.996339623
2	3	4	0	1.387878374	0.81014178
2	3	4	0	1.721700207	1.005002525
2	3	4	0	1.65511131	0.966132802
2	3	4	0	1.620685727	0.946037667
2	3	5	0	1.291853404	0.754089433
2	3	5	0	1.619432415	0.945306076
2	3	5	0	1.558365488	0.909659675
2	3	5	0	1.528694019	0.892339644
2	3	6	0	1.486772581	0.867868977
2	3	6	0	1.727973631	1.008664491
2	3	6	0	1.720106455	1.004072209
2	3	6	0	1.73359726	1.011947153
2	3	7	0	0.827787194	0.483201557
2	3	7	0	1.085960391	0.633904167
2	3	7	0	1.063747855	0.620938114
2	3	7	0	0.978718569	0.571304243
2	4	0	0	1.533409705	0.927284339
2	4	0	0	1.724384769	1.042770882
2	4	0	0	1.677926516	1.014676623
2	4	0	0	1.678904708	1.015268156
2	4	1	0	1.576741498	0.953487964
2	4	1	0	1.719147056	1.03960353
2	4	1	0	1.6517015	0.998817817
2	4	1	0	1.640034859	0.99176276
2	4	3	0	1.555590324	0.940697415
2	4	3	0	1.694588306	1.024752349
2	4	3	0	1.707510373	1.032566589
2	4	3	0	1.647958251	0.996554197
2	4	4	0	1.595798303	0.965012006
2	4	4	0	1.673049217	1.01172722
2	4	4	0	1.755277168	1.061452151
2	4	4	0	1.576640805	0.953427073
2	4	5	0	1.407402	0.851084892
2	4	5	0	1.69957841	1.027769968
2	4	5	0	1.634477094	0.988401865
2	4	5	0	1.618549101	0.978769881
2	5	0	0	1.081181978	0.82772053
2	5	0	0	1.413295204	1.081976465
2	5	0	0	1.358950771	1.040371996
2	5	0	0	1.37143691	1.049931009
2	5	4	0	1.130674651	0.865610637
2	5	4	0	1.502297937	1.150114291
2	5	4	0	1.505144929	1.152293863
2	5	4	0	1.459025214	1.116985991
2	5	5	0	0.935999906	0.716573485
2	5	5	0	1.083918498	0.829815527
2	5	5	0	1.064236178	0.814747333
2	5	5	0	1.069503967	0.818780194
2	5	6	0	1.080491297	0.827191765
2	5	6	0	1.341135902	1.026733466
2	5	6	0	1.34035073	1.026132361
2	5	6	0	1.330933811	1.01892305
2	5	7	0	1.019163485	0.78024103
2	5	7	0	1.418776181	1.086172537
2	5	7	0	1.298738811	0.994275523
2	5	7	0	1.322510245	1.012474221
2	0	0	0	0.933444289	0.972805945
2	0	0	0	1.014919195	1.0577165
2	0	0	0	0.939530124	0.979148408
2	0	0	0	0.950258468	0.990329147
2	0	1	0	0.922330395	0.961223398
2	0	1	0	0.903249172	0.941337554
2	0	1	0	0.914218749	0.952769698
2	0	1	0	0.875040971	0.911939864
2	0	2	0	0.829013889	0.863971904
2	0	2	0	0.877147869	0.914135607
2	0	2	0	0.990330217	1.032090649
2	0	2	0	0.776064798	0.808790045
2	0	3	0	0.971293679	1.012251375
2	0	3	0	0.990929169	1.032714858
2	0	3	0	1.019641687	1.062638131
2	0	3	0	1.000416451	1.042602201
2	0	4	0	1.045904737	1.090008646
2	0	4	0	0.99703001	1.03907296
2	0	4	0	0.925425565	0.964449086
2	0	4	0	0.997861955	1.039939987
2	0	5	0	0.750833993	0.782495303
2	0	5	0	0.728588098	0.759311339
2	0	5	0	0.740548752	0.771776352
2	0	5	0	0.729048321	0.759790969
2	0	6	0	0.899370499	0.937295325
2	0	6	0	1.054521045	1.098988288
2	0	6	0	1.015389233	1.058206359
2	0	6	0	1.022857238	1.065989276
2	0	7	0	0.91023535	0.948618327
2	0	7	0	0.938953036	0.978546986
2	0	7	0	0.887771965	0.925207701
2	0	7	0	0.92146305	0.960319478
2	6	0	1	1.259220588	1.217250434
2	6	0	1	0.966586232	0.934369658
2	6	0	1	0.93257944	0.901496322
2	6	0	1	0.979531633	0.946883586
2	6	1	1	0.987687927	0.954768028
2	6	1	1	0.835305405	0.807464456
2	6	1	1	0.969170929	0.936868207
2	6	1	1	1.10552468	1.068677251
2	6	2	1	1.272001518	1.229605372
2	6	2	1	0.999509077	0.966195176
2	6	2	1	0.961187889	0.929151244
2	6	2	1	1.325918076	1.281724877
2	6	3	1	1.087387287	1.051144382
2	6	3	1	1.201740734	1.161686399
2	6	3	1	0.856873497	0.828313678
2	6	3	1	0.724583008	0.700432466
2	6	4	1	0.633246581	0.612140306
2	6	4	1	0.67580524	0.653280473
2	6	4	1	0.651464107	0.629750637
2	6	4	1	0.73496567	0.710469071
2	6	6	1	0.936233659	0.905028745
2	6	6	1	0.831367763	0.803658057
2	6	6	1	0.970616076	0.938265187
2	6	6	1	0.637088991	0.615854647
2	6	7	1	0.796760513	0.770204275
2	6	7	1	0.830285191	0.802611567
2	6	7	1	0.79869651	0.772075745
2	6	7	1	0.668075257	0.645808133
2	7	0	2	0.949913568	1.160796222
2	7	0	2	0.768793417	0.939467046
2	7	0	2	0.891387139	1.089276812
2	7	0	2	0.663223105	0.81045992
2	7	1	2	0.721798402	0.882039047
2	7	1	2	0.591795023	0.723174665
2	7	1	2	0.859940705	1.050849209
2	7	1	2	0.623801825	0.76228704
2	7	2	2	0.996416448	1.217622831
2	7	2	2	1.039952141	1.270823533
2	7	2	2	0.996691369	1.217958785
2	7	2	2	0.933350936	1.140556653
2	7	3	2	0.923407447	1.12840569
2	7	3	2	0.71272229	0.87094802
2	7	3	2	0.880247352	1.075663971
2	7	3	2	0.743106025	0.908077003
2	7	4	2	0.969350117	1.184547722
2	7	4	2	0.918197689	1.122039356
2	7	4	2	0.840652396	1.027278858
2	7	4	2	0.864163389	1.056009337
2	7	6	2	0.901764128	1.101957513
2	7	6	2	0.892375042	1.090484031
2	7	6	2	0.888901311	1.086239125
2	7	6	2	0.832411029	1.017207891
2	7	7	2	0.563164547	0.688188168
2	7	7	2	0.548841847	0.670685801
2	7	7	2	0.624555253	0.76320773
2	7	7	2	0.533536202	0.651982273
2	8	0	3	1.053709536	0.985395092
2	8	0	3	1.060009188	0.991286323
2	8	0	3	1.100021676	1.028704708
2	8	0	3	1.063567433	0.994613878
2	8	1	3	0.437782901	0.409400415
2	8	1	3	0.426033959	0.398413185
2	8	1	3	0.430998689	0.40305604
2	8	1	3	0.441344195	0.412730823
2	8	2	3	0.374297997	0.350031386
2	8	2	3	0.396580183	0.370868966
2	8	2	3	0.394546526	0.368967155
2	8	2	3	0.391269458	0.365902547
2	8	3	3	0.405612825	0.379316
2	8	3	3	0.442044139	0.413385387
2	8	3	3	0.417809996	0.3907224
2	8	3	3	0.425489881	0.397904381
2	8	4	3	1.14574778	1.071466282
2	8	4	3	1.089573158	1.018933591
2	8	4	3	1.146793189	1.072443915
2	8	4	3	1.109816543	1.037864551
2	8	5	3	0.957087042	0.895036859
2	8	5	3	0.933289448	0.872782119
2	8	5	3	0.891234564	0.833453751
2	8	5	3	0.936100427	0.875410855
2	8	6	3	1.155078546	1.080192113
2	8	6	3	1.173710164	1.097615799
2	8	6	3	1.177351399	1.101020965
2	8	6	3	1.159068922	1.083923783
2	8	7	3	0.613973432	0.574168104
2	8	7	3	0.480958216	0.449776574
2	8	7	3	0.624163503	0.583697529
2	8	7	3	0.524862029	0.490834001
2	9	0	4	0.956294117	1.02715589
2	9	0	4	0.922363503	0.990711004
2	9	0	4	0.912512122	0.980129632
2	9	0	4	0.932876925	1.002003475
2	9	1	4	0.505316087	0.542760209
2	9	1	4	0.427735285	0.459430639
2	9	1	4	0.476939181	0.512280563
2	9	1	4	0.401278611	0.431013515
2	9	3	4	0.965522673	1.037068285
2	9	3	4	0.888666753	0.954517311
2	9	3	4	0.954943233	1.025704905
2	9	3	4	0.962097466	1.033389269
2	9	4	4	0.874945931	0.939779771
2	9	4	4	0.942163592	1.011978287
2	9	4	4	0.889029642	0.954907091
2	9	4	4	0.977535752	1.049971538
2	9	5	4	0.755578777	0.811567464
2	9	5	4	0.760648342	0.817012685
2	9	5	4	0.742731392	0.797768082
2	9	5	4	0.780547407	0.838386279
2	10	0	5	0.964854291	1.008369824
2	10	0	5	1.015821233	1.061635407
2	10	0	5	0.941147926	0.983594287
2	10	0	5	0.905559195	0.946400482
2	10	4	5	1.082158445	1.130964469
2	10	4	5	1.120411333	1.170942586
2	10	4	5	1.07628615	1.12482733
2	10	4	5	1.141446861	1.19292683
2	10	5	5	1.008740756	1.054235596
2	10	5	5	0.987268896	1.031795342
2	10	5	5	1.003592472	1.048855121
2	10	5	5	1.009244116	1.054761658
2	10	6	5	0.908713156	0.949696689
2	10	6	5	0.840848294	0.878771079
2	10	6	5	0.873103727	0.912481252
2	10	6	5	0.897482991	0.937960036
2	10	7	5	1.048236882	1.095513022
2	10	7	5	1.077891076	1.126504639
2	10	7	5	1.053988156	1.101523682
2	10	7	5	0.897404348	0.937877846
2	11	0	6	0.976819615	1.014576588
2	11	0	6	0.958699975	0.995756571
2	11	0	6	0.973646676	1.011281006
2	11	0	6	0.941975683	0.978385835
2	11	4	6	1.033392981	1.073336683
2	11	4	6	1.001802491	1.040525127
2	11	4	6	1.004748363	1.043584865
2	11	4	6	1.010028536	1.049069133
2	11	5	6	0.678761241	0.704997375
2	11	5	6	0.68930114	0.715944672
2	11	5	6	0.679125538	0.705375753
2	11	5	6	0.699099426	0.726121691
2	11	6	6	0.978683827	1.016512858
2	11	6	6	0.952754065	0.989580834
2	11	6	6	0.976137162	1.013867757
2	11	6	6	0.960617396	0.997748106
2	11	7	6	0.788056444	0.818517161
2	11	7	6	0.738430589	0.76697312
2	11	7	6	0.722711079	0.750646004
2	11	7	6	0.741216966	0.769867199
3	0	0	0	1.06936086193091	1.0053333917649
3	0	0	0	1.05889549569468	0.995494634326808
3	0	0	0	1.07275119184598	1.0085207272978
3	0	0	0	1.05374364327894	0.990651246610489
3	0	1	0	1.05031241991691	0.987425466106213
3	0	1	0	1.04585352644095	0.983233546744576
3	0	1	0	1.03981269745395	0.977554409504032
3	0	1	0	1.04518228651272	0.982602496986016
3	0	2	0	0.886125582447059	0.833069237004402
3	0	2	0	0.877096414888028	0.824580686534597
3	0	2	0	0.879490668247139	0.826831585118928
3	0	2	0	0.881607726972939	0.828821885966045
3	0	3	0	1.06332920013694	0.999662872836091
3	0	3	0	1.05968103325479	0.996233138201205
3	0	3	0	1.06060057143253	0.997097619470339
3	0	3	0	1.06234769151757	0.998740131575881
3	0	4	0	0.811007008147095	0.762448351413766
3	0	4	0	0.808614669791842	0.760199253173352
3	0	4	0	0.790755107600047	0.743409023726117
3	0	4	0	0.810802078066469	0.762255691423706
3	0	5	0	0.966921601934685	0.909027633467434
3	0	5	0	0.974043681945196	0.915723282343586
3	0	5	0	0.964375906098344	0.906634359951767
3	0	5	0	0.96389228902283	0.90617969921735
3	0	6	0	1.16355095495815	1.09388389802034
3	0	6	0	1.19513763283479	1.12357933866604
3	0	6	0	1.20593843147746	1.13373344465567
3	0	6	0	1.20947729239504	1.13706041796833
3	0	7	0	1.03927619579053	0.977050030621117
3	0	7	0	1.03044561159494	0.968748173430844
3	0	7	0	1.03531082815762	0.973322087478715
3	0	7	0	1.04314959753913	0.980691514292547
3	1	0	0	1.27342955741681	1.01628732533505
3	1	0	0	1.2400812667925	0.989673018414275
3	1	0	0	1.25529901517462	1.00181786357733
3	1	0	0	1.24327493495678	0.992221792673346
3	1	1	0	1.30382963123485	1.04054874563159
3	1	1	0	1.30298449975	1.03987427061937
3	1	1	0	1.29784592943946	1.03577332616859
3	1	1	0	1.27996405859612	1.02150232186724
3	1	2	0	0.98565738298244	0.786624670060249
3	1	2	0	0.978001430118374	0.780514675350455
3	1	2	0	0.968449530461236	0.772891580301433
3	1	2	0	0.965356719239766	0.770423297053469
3	1	3	0	1.29437614649362	1.03300419268258
3	1	3	0	1.30797000374261	1.0438530572657
3	1	3	0	1.28973277371128	1.02929845106695
3	1	3	0	1.29560579962792	1.03398554330984
3	1	4	0	1.01213227670538	0.80775351756776
3	1	4	0	1.03267662986199	0.824149372052733
3	1	4	0	1.05075358144955	0.838576064657858
3	1	4	0	1.03672706116686	0.82738190421229
3	1	5	0	1.14134961008213	0.910878136718877
3	1	5	0	1.15113310264274	0.918686059370702
3	1	5	0	1.12229233173613	0.895669073661075
3	1	5	0	1.15076280966388	0.918390539246417
3	1	6	0	1.24526253214192	0.993808036541618
3	1	6	0	1.24774112996835	0.995786133830889
3	1	6	0	1.25049829661994	0.997986548848373
3	1	6	0	1.28460740505591	1.02520804247561
3	1	7	0	1.14129627876105	0.910835574532896
3	1	7	0	1.14032730203885	0.910062262216105
3	1	7	0	1.16036133296594	0.926050843278942
3	1	7	0	1.13607026856278	0.906664846834893
3	2	0	0	1.0371900494911	0.996055408423724
3	2	0	0	1.03284572304994	0.9918833766444
3	2	0	0	1.05948101480598	1.01746232085194
3	2	0	0	1.03567338468356	0.994598894079938
3	2	1	0	1.00054359377001	0.960862339961042
3	2	1	0	1.00230389575782	0.962552828908827
3	2	1	0	0.974515647286657	0.935866653897888
3	2	1	0	0.972017973003264	0.933468036614898
3	2	2	0	0.884228126098952	0.849159908266931
3	2	2	0	0.870803670898939	0.836267862866306
3	2	2	0	0.868482581597517	0.834038827258753
3	2	2	0	0.865171984504539	0.830859527436902
3	2	3	0	1.06936131826838	1.02695077449206
3	2	3	0	1.0934856300257	1.05011832340189
3	2	3	0	1.09483275985248	1.05141202647056
3	2	3	0	1.09038550691259	1.04714115022605
3	2	4	0	0.838971883582307	0.805698514527415
3	2	4	0	0.851096522020469	0.817342293502579
3	2	4	0	0.852777251856405	0.818956366105767
3	2	4	0	0.808018019474136	0.775972271230264
3	2	5	0	0.9595214567059	0.921467128343023
3	2	5	0	0.96340883575307	0.925200335122655
3	2	5	0	0.957940567716505	0.919948936928849
3	2	5	0	0.975827790470649	0.937126757883347
3	2	6	0	1.0634921149258	1.02131434196421
3	2	6	0	1.0435809442792	1.00219284227346
3	2	6	0	1.04059937768756	0.999329523703601
3	2	6	0	1.03549025121873	0.994423023632476
3	2	7	0	0.862680714073923	0.828467060031841
3	2	7	0	0.863326833795366	0.829087554842168
3	2	7	0	0.843637816663845	0.810179398125835
3	2	7	0	0.849702795133264	0.816003841398698
3	3	0	0	1.1057885073182	1.00070583867689
3	3	0	0	1.10330758544313	0.998460677880545
3	3	0	0	1.10131641487318	0.9966587275058
3	3	0	0	1.10962169054802	1.00417475593676
3	3	1	0	1.09778106647433	0.99345934194421
3	3	1	0	1.09078641759266	0.987129391932017
3	3	1	0	1.10173739186078	0.997039699207578
3	3	1	0	1.08264279989726	0.979759659183118
3	3	2	0	0.9590568703396	0.867918054329945
3	3	2	0	0.956331182416567	0.865451387511707
3	3	2	0	0.954598255982712	0.863883140429305
3	3	2	0	0.963372607247533	0.871823668372214
3	3	3	0	1.15001595495088	1.04073036848788
3	3	3	0	1.14070344895397	1.03230282645597
3	3	3	0	1.14532846782831	1.03648833151495
3	3	3	0	1.14270747668939	1.03411641218456
3	3	4	0	0.951475489182681	0.861057128991371
3	3	4	0	0.920127082502393	0.832687749683692
3	3	4	0	0.965790729916617	0.874011997747655
3	3	4	0	0.881661668860581	0.797877689926572
3	3	5	0	0.836842636302194	0.757317793284309
3	3	5	0	0.835863236692691	0.756431465653717
3	3	5	0	0.824436922276472	0.746090989626706
3	3	5	0	0.836403002148129	0.756919937399624
3	3	6	0	0.957936665267091	0.86690430192688
3	3	6	0	0.959344205728896	0.868178084344567
3	3	6	0	0.964839746195366	0.873151385654073
3	3	6	0	0.952187724977919	0.861701681285134
3	3	7	0	0.913805387811466	0.826966803276964
3	3	7	0	0.919558114758432	0.832172850731828
3	3	7	0	0.934482620661368	0.845679086415772
3	3	7	0	0.883067208308277	0.799149661485773
3	4	0	0	1.0731181632095	1.00220471030448
3	4	0	0	1.08054864719487	1.00914417541213
3	4	0	0	1.03708616311356	0.968553765370478
3	4	0	0	1.09227683935722	1.02009734891291
3	4	1	0	1.00791595778622	0.941311176267174
3	4	1	0	1.01488058853594	0.94781557250442
3	4	1	0	1.02779966971711	0.959880939074911
3	4	1	0	1.03776405440191	0.969186860462473
3	4	3	0	1.02208616154512	0.954544989131425
3	4	3	0	0.996442397176506	0.930595807837822
3	4	3	0	1.04854575391771	0.979256087142511
3	4	3	0	1.03605589906808	0.967591582905735
3	4	4	0	0.835250356485248	0.780055608274698
3	4	4	0	0.819561688584187	0.765403673932425
3	4	4	0	0.830184639755152	0.775324642625225
3	4	4	0	0.815266269323255	0.761392103199932
3	4	5	0	0.898474000843555	0.839101327889585
3	4	5	0	0.918732391272989	0.85802100981058
3	4	5	0	0.898335755191783	0.838972217742972
3	4	5	0	0.917007828747106	0.856410409276632
3	5	0	0	1.14971435120542	1.00793719293231
3	5	0	0	1.12802496286036	0.988922434021089
3	5	0	0	1.13789097435426	0.997571817165845
3	5	0	0	1.14701253999133	1.00556855588076
3	5	4	0	0.864321198102174	0.757737329531985
3	5	4	0	0.850582121441354	0.745692488699591
3	5	4	0	0.834969385608828	0.732005039193085
3	5	4	0	0.837484791565557	0.734210257573157
3	5	5	0	1.03372330328798	0.906249594512226
3	5	5	0	1.02573391330222	0.899245417077157
3	5	5	0	1.03001594282982	0.90299940763801
3	5	5	0	1.04349366471474	0.91481512268894
3	5	6	0	1.10901744209492	0.972258827878543
3	5	6	0	1.14157850353083	1.00080461825526
3	5	6	0	1.13597226402772	0.995889712825271
3	5	6	0	1.13471997834398	0.994791852895546
3	5	7	0	0.910239454084635	0.797993170463938
3	5	7	0	0.896247751945835	0.785726856693617
3	5	7	0	0.895735429560324	0.785277711402365
3	5	7	0	0.901674905145576	0.790484759868458
3	6	0	1	0.978938243143533	1.07744318584707
3	6	0	1	1.10489595593623	1.21607530110449
3	6	0	1	0.836097849622263	0.920229582495541
3	6	0	1	0.714369067134204	0.786251930552906
3	6	1	1	1.39068142796975	1.53061772664895
3	6	1	1	0.953756721293725	1.04972779183078
3	6	1	1	1.28953351943401	1.41929188400482
3	6	1	1	0.911398526663002	1.00310733493341
3	6	2	1	0.759552586852863	0.835982008802916
3	6	2	1	0.73098578176519	0.804540689905927
3	6	2	1	0.740808647014735	0.815351973766521
3	6	2	1	0.857785680883529	0.944099735870299
3	6	3	1	1.11277885110589	1.2247514068188
3	6	3	1	1.05058707901279	1.15630163327406
3	6	3	1	1.51620078837352	1.66876738062983
3	6	3	1	1.29027031973637	1.4201028242972
3	6	4	1	0.9733259330333	1.0712661411484
3	6	4	1	1.61369849972867	1.77607572767934
3	6	4	1	0.904677465599249	0.995709972029754
3	6	4	1	0.828563848724946	0.911937478283825
3	6	6	1	1.18487580078207	1.30410305917586
3	6	6	1	1.06123459148497	1.16802054387922
3	6	6	1	1.11210949179536	1.2240146937186
3	6	6	1	1.02117270220863	1.12392745637827
3	6	7	1	0.757772399069947	0.834022690930042
3	6	7	1	0.781672784075473	0.860328034646755
3	6	7	1	0.895778920470101	0.985916017323719
3	6	7	1	0.806530529767922	0.887687072767326
3	7	0	2	1.00662417775864	0.990240011183431
3	7	0	2	1.0190057042417	1.0024200116185
3	7	0	2	1.02225257956686	1.00561403966724
3	7	0	2	1.01830014624574	1.00172593753083
3	7	1	2	1.03326459325878	1.01644681797952
3	7	1	2	1.03217185101523	1.01537186159025
3	7	1	2	1.04449243079663	1.02749190731346
3	7	1	2	1.03543302900167	1.01857995950516
3	7	2	2	0.742439904120171	0.730355693021376
3	7	2	2	0.742537071226305	0.730451278601765
3	7	2	2	0.728550502789292	0.716692360435976
3	7	2	2	0.732184365454868	0.720267077084061
3	7	3	2	1.13817489485246	1.11964956287553
3	7	3	2	1.1347828634418	1.11631274135242
3	7	3	2	1.13185766781928	1.11343515723517
3	7	3	2	1.13843150484842	1.1199019961976
3	7	4	2	0.94679888075362	0.931388451600181
3	7	4	2	0.971940917252771	0.95612126753505
3	7	4	2	0.939564560785513	0.924271879949703
3	7	4	2	0.943150934597214	0.92779988068908
3	7	6	2	0.98079627773251	0.964832495075814
3	7	6	2	0.986249890643501	0.970197343078963
3	7	6	2	0.986679794590197	0.970620249758924
3	7	6	2	0.979736085623992	0.963789559024215
3	7	7	2	0.73658054013466	0.724591698089862
3	7	7	2	0.716687753836818	0.705022693727274
3	7	7	2	0.756798896744528	0.744480973668405
3	7	7	2	0.659226611124589	0.648496808636112
3	8	0	3	1.06308738311986	1.0181253764123
3	8	0	3	1.0209830870323	0.977801831063732
3	8	0	3	1.05841240170124	1.01364811772959
3	8	0	3	1.03416337525617	0.990424674794384
3	8	1	3	1.03698505950317	0.993127019288082
3	8	1	3	1.03955802036756	0.99559115985653
3	8	1	3	0.978061595260775	0.936695652343206
3	8	1	3	1.03593092310051	0.992117466321139
3	8	2	3	0.697408910601414	0.667912836605736
3	8	2	3	0.696523320648968	0.667064701618907
3	8	2	3	0.69546813905881	0.666054147669419
3	8	2	3	0.694914500313369	0.665523924411153
3	8	3	3	1.07047302510246	1.02519865151929
3	8	3	3	1.06703408004858	1.02190515252472
3	8	3	3	1.06152620207408	1.0166302236477
3	8	3	3	1.0615229331233	1.01662709295327
3	8	4	3	0.707607115000865	0.677679720173152
3	8	4	3	0.722035325140315	0.69149770645766
3	8	4	3	0.731134466153443	0.700212010207397
3	8	4	3	0.70615539070385	0.676289394815318
3	8	5	3	0.976115295570849	0.934831669065931
3	8	5	3	0.951964744719502	0.911702536817242
3	8	5	3	0.976924261323678	0.935606420581829
3	8	5	3	0.95696301060845	0.91648940704108
3	8	6	3	0.947102984515855	0.907046398934354
3	8	6	3	0.925058105504655	0.885933881659082
3	8	6	3	0.952123261453753	0.911854349276208
3	8	6	3	0.963434409085731	0.922687105476047
3	8	7	3	0.751726582165224	0.719933207353104
3	8	7	3	0.741853761621668	0.710477945921386
3	8	7	3	0.747256013703052	0.715651716225847
3	8	7	3	0.741964731410164	0.71058422237568
3	9	0	4	1.00155470035371	1.00232107881152
3	9	0	4	0.995407766509369	0.996169441402135
3	9	0	4	0.99998336496088	1.00074854105042
3	9	0	4	0.99999575316707	1.00076093873593
3	9	1	4	1.07221927739302	1.07303972759504
3	9	1	4	1.07553186163329	1.07635484658774
3	9	1	4	1.08380907357833	1.0846383921628
3	9	1	4	1.07815797926285	1.07898297369314
3	9	3	4	1.24095941710764	1.2419089853778
3	9	3	4	1.2315082590833	1.23245059543302
3	9	3	4	1.23041682996529	1.23135833116565
3	9	3	4	1.23489735278345	1.23584228242978
3	9	4	4	0.858024511069029	0.858681061830885
3	9	4	4	0.875320542101561	0.875990327592967
3	9	4	4	0.873806877840412	0.87447550509285
3	9	4	4	0.86658863125408	0.867251735184941
3	9	5	4	0.946530603725003	0.947254878359327
3	9	5	4	0.94719887732716	0.947923663316972
3	9	5	4	0.953782585402179	0.954512409171794
3	9	5	4	0.955680538977818	0.956411815040287
3	10	0	5	1.04729170229934	0.933718488028862
3	10	0	5	1.17017858442427	1.04327894145779
3	10	0	5	1.08966221003142	0.971494139578239
3	10	0	5	1.17940907107978	1.05150843093511
3	10	4	5	1.08376993700387	0.966240852217842
3	10	4	5	1.07104034728985	0.954891718795982
3	10	4	5	1.11682960545545	0.995715375479673
3	10	4	5	1.10325560401167	0.983613402288478
3	10	5	5	0.899562765278647	0.802009968415626
3	10	5	5	0.852847347510336	0.76036058921163
3	10	5	5	0.997305436133936	0.88915296653786
3	10	5	5	0.899475041890765	0.801931758162534
3	10	6	5	0.6977277461253	0.622062883471307
3	10	6	5	0.993818240792014	0.886043938981381
3	10	6	5	1.0211786275866	0.910437237365811
3	10	6	5	1.01159551813887	0.90189336516239
3	10	7	5	1.02692709041203	0.91556230997554
3	10	7	5	0.982638987439919	0.876077016189677
3	10	7	5	0.954576243935252	0.851057527944338
3	10	7	5	0.950214632540606	0.847168910104784
3	11	0	6	1.0486495844912	1.00558465736659
3	11	0	6	1.03730002569357	0.994701191274989
3	11	0	6	1.03822529853158	0.995588465902798
3	11	0	6	1.04712813099944	1.00412568545563
3	11	4	6	0.996721954956177	0.955789541508917
3	11	4	6	0.850226393389877	0.815310118008407
3	11	4	6	0.994113515227052	0.953288222660309
3	11	4	6	0.824303823796778	0.790452111437046
3	11	5	6	1.03790217227846	0.995278609486188
3	11	5	6	1.06029253144461	1.01674946303288
3	11	5	6	1.05920114929847	1.01570290071338
3	11	5	6	1.04599967820991	1.00304357487408
3	11	6	6	1.04897300031553	1.00589479146258
3	11	6	6	1.05605384638496	1.01268484819258
3	11	6	6	1.05734236777471	1.01392045383186
3	11	6	6	1.04018767830867	0.997470256564762
3	11	7	6	0.902691912634596	0.865621034041296
3	11	7	6	0.893615882134772	0.856917729185802
3	11	7	6	0.853810606527966	0.818747138147163
3	11	7	6	0.848453061642441	0.813609611734419
